;

RG01: 1.648122515
RG02: 1.460803125
RG03: 1.508189801
RG04: 1.657787523
RG05: 0.947545053
RG06: 1.080721135
RG07: 1.454548931







