;

RG01: 5.563795177
RG02: 11.07195981
RG03: 11.3074444
RG04: 8.327103611
RG05: 9.185705474
RG06: 7.95719618
RG07: 10.54190704







