;

RG01: 13.50203688
RG02: 10.043174
RG03: 34.63250957
RG04: 5.119951305
RG05: 6.840580547
RG06: 26.69098996
RG07: 20.81140137








