;

RG01: 0.262740907
RG02: 0.261569724
RG03: 0.247996249
RG04: 0.249346033
RG05: 0.183594489
RG06: 0.230134981
RG07: 0.264705876








