;

RG01: 0.030314348
RG02: 0.044930703
RG03: 0.063047437
RG04: 0.034103472
RG05: 0.033663431
RG06: 0.040387139
RG07: 0.089423459









