;

RG01: -0.023832496
RG02: 0.021727984
RG03: 0.009598886
RG04: 0.014505189
RG05: 0.003305132
RG06: 0.007121019
RG07: 0.030305185







